0 0.482926 0.471910 0.041492 0.029542
0 0.482750 0.459958 0.040453 0.051111
0 0.575605 0.480167 0.052039 0.051056
0 0.613719 0.476444 0.036594 0.034639
0 0.212973 0.403479 0.023836 0.021764
0 0.250664 0.397174 0.021906 0.018319
0 0.406609 0.435042 0.030187 0.030667
0 0.375125 0.441938 0.034500 0.032208
0 0.260832 0.550813 0.040523 0.053681
0 0.264848 0.483431 0.039508 0.047722
0 0.345426 0.491042 0.042914 0.052361
0 0.454199 0.518104 0.044883 0.051458
0 0.781055 0.422299 0.045906 0.044347
0 0.816984 0.928938 0.153687 0.142125
0 0.434750 0.940472 0.129734 0.119056
0 0.306184 0.413299 0.020102 0.019597
0 0.181895 0.390875 0.022852 0.024056
0 0.528711 0.726479 0.068359 0.103097
0 0.718422 0.604090 0.064609 0.080347
0 0.850078 0.562396 0.061766 0.079153
0 0.785410 0.561993 0.099039 0.095264
0 0.276934 0.604681 0.046836 0.076667
0 0.456922 0.587201 0.055906 0.070347
0 0.591023 0.523118 0.037328 0.045514
0 0.386320 0.626479 0.060344 0.094069
