0 0.264789 0.481910 0.034938 0.033708
0 0.373574 0.472153 0.034930 0.039028
0 0.432453 0.512958 0.046906 0.067417
0 0.393008 0.638028 0.083828 0.186333
0 0.275668 0.397458 0.014977 0.015972
0 0.434375 0.572264 0.027453 0.059167
0 0.211793 0.406326 0.020961 0.019514
0 0.293238 0.778486 0.072430 0.150000
0 0.737738 0.492535 0.051555 0.051847
0 0.748547 0.577972 0.070609 0.064361
0 0.544289 0.733528 0.073797 0.110306
0 0.301063 0.596229 0.042797 0.074347
0 0.897281 0.460250 0.070922 0.064389
0 0.508844 0.566375 0.054641 0.063167
0 0.328020 0.541375 0.038570 0.062972
0 0.292254 0.506646 0.039008 0.062097
0 0.251699 0.551090 0.041086 0.049458
0 0.193828 0.390361 0.022953 0.026611
0 0.260699 0.409882 0.034930 0.030153
0 0.333816 0.486021 0.042555 0.046042
0 0.322051 0.417250 0.041477 0.034167
0 0.913605 0.577306 0.082945 0.086500
0 0.290129 0.440931 0.039898 0.042583
0 0.735746 0.801097 0.114773 0.166778
0 0.400922 0.411715 0.029969 0.038792
0 0.260797 0.455306 0.030938 0.026611
