0 0.200633 0.396243 0.025016 0.024542
0 0.825617 0.553174 0.072453 0.071042
0 0.765852 0.602361 0.068687 0.075500
0 0.559059 0.775174 0.082117 0.124764
0 0.835090 0.689382 0.090305 0.084542
0 0.485961 0.466681 0.033984 0.043111
0 0.555629 0.460847 0.035242 0.038972
0 0.282715 0.652715 0.056102 0.099875
0 0.323359 0.515882 0.047531 0.090819
0 0.502848 0.649896 0.069930 0.107847
0 0.245195 0.468882 0.037844 0.045958
0 0.352063 0.438153 0.024984 0.019639
0 0.396699 0.429840 0.020930 0.020986
0 0.474445 0.467375 0.056922 0.043306
0 0.217020 0.395479 0.006039 0.019931
0 0.272223 0.406208 0.026742 0.023000
0 0.304801 0.403264 0.028695 0.019306
0 0.322695 0.417868 0.027422 0.023514
0 0.263629 0.546604 0.042586 0.059542
0 0.384098 0.480889 0.043992 0.042944
0 0.633375 0.480125 0.045719 0.023000
0 0.619973 0.451576 0.049633 0.041236
0 0.614934 0.503333 0.048102 0.043333
0 0.970391 0.722875 0.057188 0.082444
0 0.229926 0.937014 0.088117 0.125972
0 0.436297 0.949375 0.114391 0.101250
