0 0.517621 0.432736 0.043133 0.039861
0 0.403332 0.443465 0.035367 0.033736
0 0.371406 0.438104 0.026719 0.035264
0 0.324840 0.448069 0.038820 0.039861
0 0.276539 0.465708 0.038813 0.038333
0 0.231242 0.471250 0.033109 0.029722
0 0.191977 0.446556 0.006828 0.021083
0 0.661820 0.466736 0.049203 0.035778
0 0.990824 0.642319 0.018023 0.057972
0 0.338211 0.525931 0.062266 0.090028
0 0.438078 0.582187 0.048578 0.062819
0 0.623305 0.679708 0.078016 0.101861
0 0.292566 0.503799 0.040148 0.049764
0 0.552844 0.472118 0.052297 0.055625
0 0.262273 0.898542 0.121719 0.191667
0 0.778332 0.642958 0.087617 0.117111
0 0.842543 0.615944 0.072773 0.069472
0 0.616543 0.497646 0.051570 0.059653
0 0.285625 0.625569 0.053938 0.103528
0 0.736105 0.518403 0.052773 0.050639
0 0.700043 0.537701 0.057023 0.058625
0 0.476270 0.632667 0.059898 0.081889
0 0.174992 0.377715 0.063703 0.065736
0 0.225793 0.409201 0.018023 0.022653
0 0.266344 0.415000 0.016469 0.014361
0 0.254848 0.402847 0.019570 0.019889
0 0.298562 0.405861 0.026625 0.014222
0 0.340367 0.417042 0.032859 0.021444
0 0.269441 0.437375 0.033273 0.028111
0 0.230613 0.444639 0.022320 0.024917
0 0.386059 0.481403 0.035617 0.034222
0 0.378355 0.513306 0.044070 0.059667
0 0.543477 0.586847 0.055234 0.078194
0 0.461125 0.515542 0.050891 0.061333
0 0.464574 0.449604 0.035367 0.036792
