0 0.264785 0.396639 0.021633 0.017722
0 0.715336 0.513646 0.055375 0.059792
0 0.700340 0.598917 0.066695 0.071306
0 0.267227 0.587076 0.047422 0.076542
0 0.521508 0.653722 0.071312 0.110250
0 0.850840 0.694007 0.089523 0.083181
0 0.340656 0.542938 0.051359 0.061986
0 0.284801 0.690958 0.060633 0.132806
0 0.409402 0.675194 0.059086 0.113833
0 0.672535 0.959174 0.112680 0.081653
0 0.420375 0.546993 0.055656 0.068708
0 0.493559 0.553410 0.053664 0.056986
0 0.444660 0.463951 0.037867 0.045069
0 0.461094 0.442819 0.023578 0.031667
0 0.488523 0.436424 0.034172 0.035903
0 0.601344 0.465361 0.029500 0.030667
0 0.236133 0.522160 0.034922 0.057014
0 0.264648 0.486479 0.034297 0.047708
0 0.371437 0.412778 0.034000 0.026389
0 0.362113 0.436653 0.032336 0.023583
0 0.313867 0.415049 0.029781 0.041597
0 0.246949 0.907264 0.098727 0.153556
0 0.877773 0.645674 0.082687 0.071264
0 0.576258 0.483083 0.050875 0.052889
0 0.774734 0.870417 0.118641 0.148306
0 0.456187 0.604014 0.051344 0.077194
0 0.228930 0.451354 0.037453 0.038431
0 0.176805 0.392937 0.017891 0.014792
0 0.210914 0.404396 0.018719 0.022931
0 0.242930 0.410681 0.026172 0.028111
0 0.222773 0.387389 0.027453 0.019972
