0 0.965617 0.707667 0.064375 0.065278
0 0.635223 0.557438 0.058961 0.051931
0 0.772852 0.652861 0.078312 0.090583
0 0.814422 0.519597 0.059906 0.057917
0 0.768801 0.568944 0.067367 0.067306
0 0.608117 0.889674 0.110719 0.182292
0 0.275813 0.707993 0.062688 0.101264
0 0.271941 0.832722 0.080508 0.161889
0 0.686523 0.742688 0.090188 0.116347
0 0.497332 0.481389 0.042758 0.038750
0 0.240918 0.409479 0.023117 0.029153
0 0.237937 0.535382 0.036531 0.042403
0 0.595922 0.457854 0.031313 0.030486
0 0.273273 0.488465 0.035781 0.039764
0 0.307172 0.469910 0.037375 0.038958
0 0.397430 0.448646 0.031187 0.032681
0 0.427852 0.437285 0.036016 0.035681
0 0.379437 0.617667 0.058656 0.088944
0 0.477340 0.610771 0.061242 0.093542
0 0.555539 0.465208 0.052203 0.050417
0 0.762918 0.409319 0.037430 0.050444
0 0.326355 0.416861 0.034852 0.035861
0 0.462691 0.949444 0.114289 0.095083
0 0.190969 0.398215 0.018641 0.017236
0 0.266266 0.407479 0.021625 0.030514
