0 0.401004 0.677424 0.060992 0.114903
0 0.443539 0.502944 0.049437 0.066778
0 0.369398 0.587653 0.046719 0.076750
0 0.390766 0.585007 0.090297 0.082125
0 0.352504 0.413264 0.024742 0.037472
0 0.417852 0.428854 0.041172 0.040208
0 0.409316 0.582924 0.053508 0.068403
0 0.880141 0.930597 0.161438 0.133250
0 0.693453 0.502632 0.035781 0.050653
0 0.661992 0.966375 0.109781 0.067250
0 0.532617 0.583194 0.054766 0.067583
0 0.374809 0.522396 0.043242 0.041097
0 0.256273 0.480646 0.034297 0.042403
0 0.333156 0.483965 0.038219 0.043736
0 0.378176 0.479979 0.036508 0.043736
0 0.543437 0.457257 0.046781 0.039597
0 0.250277 0.447250 0.034789 0.030889
0 0.196797 0.450667 0.021906 0.026333
0 0.259602 0.418590 0.022516 0.030931
0 0.295496 0.422028 0.027289 0.028639
0 0.219746 0.408944 0.015648 0.027833
0 0.236895 0.402986 0.017148 0.018556
0 0.597602 0.826569 0.094047 0.139778
0 0.498109 0.628722 0.066484 0.102194
0 0.766156 0.642278 0.077375 0.085111
0 0.920125 0.651618 0.100234 0.102764
0 0.703902 0.503556 0.056852 0.056694
0 0.628617 0.510549 0.052250 0.047597
0 0.650879 0.573160 0.051320 0.038792
0 0.467348 0.438743 0.040352 0.050375
0 0.308668 0.521285 0.039961 0.057486
0 0.544996 0.502125 0.044727 0.050056
0 0.187316 0.394368 0.016398 0.014569
0 0.172406 0.401660 0.013422 0.021208
0 0.657918 0.699174 0.088586 0.113542
