0 0.212953 0.442625 0.033281 0.039194
0 0.610254 0.474090 0.050336 0.051625
0 0.447281 0.573403 0.053781 0.065833
0 0.979398 0.580125 0.041125 0.071694
0 0.936516 0.692208 0.085641 0.076556
0 0.282738 0.782111 0.078508 0.169556
0 0.663152 0.476292 0.043758 0.030861
0 0.872863 0.959729 0.112086 0.068264
0 0.676680 0.963924 0.101781 0.072069
0 0.546129 0.579319 0.065867 0.102917
0 0.331254 0.548806 0.043914 0.056778
0 0.286813 0.628632 0.047922 0.069208
0 0.274570 0.591917 0.037922 0.062111
0 0.344676 0.497903 0.036227 0.036806
0 0.345109 0.472611 0.035359 0.029139
0 0.238867 0.521736 0.035391 0.047639
0 0.203594 0.479972 0.032031 0.042889
0 0.240406 0.468139 0.034109 0.035500
0 0.262434 0.449653 0.038305 0.032528
0 0.596523 0.529813 0.038641 0.048931
0 0.170730 0.392340 0.013727 0.014042
0 0.179051 0.418958 0.010398 0.015528
0 0.189035 0.398257 0.017883 0.018486
0 0.232500 0.404542 0.028281 0.031056
0 0.261621 0.411597 0.029117 0.022917
0 0.312980 0.418965 0.029508 0.024403
0 0.390574 0.444479 0.031617 0.026625
0 0.380797 0.429313 0.032031 0.028847
0 0.372047 0.414896 0.032000 0.035486
0 0.445590 0.465819 0.033055 0.032750
0 0.500402 0.484313 0.045102 0.044736
0 0.536312 0.436236 0.038312 0.033222
0 0.472211 0.427660 0.045234 0.042819
0 0.811191 0.676153 0.085023 0.082917
0 0.682719 0.721694 0.086203 0.128083
0 0.522504 0.693181 0.066523 0.116250
0 0.676910 0.580743 0.062211 0.066819
0 0.929129 0.608486 0.083602 0.075306
0 0.397578 0.657521 0.069687 0.137236
