0 0.423809 0.421687 0.037070 0.034153
0 0.254012 0.409049 0.025773 0.030319
0 0.179594 0.413896 0.016109 0.027486
0 0.193773 0.442535 0.018688 0.025208
0 0.193234 0.473375 0.014312 0.036194
0 0.566250 0.443403 0.041750 0.031806
0 0.562480 0.488076 0.043086 0.047181
0 0.295578 0.466250 0.040094 0.043611
0 0.344520 0.494806 0.038102 0.045944
0 0.598328 0.644021 0.066812 0.090292
0 0.432660 0.900528 0.098867 0.194778
0 0.189500 0.396958 0.019250 0.020528
0 0.230648 0.398236 0.019734 0.017972
0 0.853082 0.942514 0.107055 0.108250
0 0.273965 0.839493 0.085648 0.135764
0 0.874926 0.697778 0.079148 0.081972
0 0.507133 0.464465 0.040359 0.037986
0 0.830715 0.612056 0.071617 0.062139
0 0.985582 0.636264 0.028383 0.087583
0 0.639145 0.561507 0.038602 0.050625
0 0.307414 0.529340 0.047016 0.072653
0 0.239656 0.521167 0.040266 0.063167
0 0.382117 0.624201 0.050766 0.077236
0 0.340457 0.421069 0.031586 0.039028
0 0.668086 0.521965 0.043828 0.044931
