0 0.258320 0.937104 0.112266 0.109264
0 0.470738 0.970361 0.109555 0.047500
0 0.627059 0.871792 0.117570 0.178139
0 0.374547 0.510757 0.042750 0.049875
0 0.319766 0.484632 0.040078 0.049875
0 0.274344 0.492944 0.037406 0.047500
0 0.389375 0.428597 0.024219 0.029139
0 0.346230 0.431667 0.027602 0.029139
0 0.363914 0.408667 0.019844 0.023000
0 0.299223 0.421694 0.026742 0.021472
0 0.284988 0.406361 0.018977 0.021472
0 0.182605 0.400688 0.024148 0.026069
0 0.507305 0.423007 0.103797 0.094042
0 0.190359 0.436694 0.030281 0.059556
0 0.223539 0.393167 0.009016 0.018333
0 0.206930 0.392562 0.025016 0.027597
0 0.247902 0.402521 0.027602 0.029125
0 0.955594 0.604542 0.060469 0.071000
0 0.258871 0.546056 0.041852 0.098833
0 0.565293 0.478840 0.051898 0.052153
0 0.682031 0.497563 0.052500 0.052875
0 0.800590 0.506889 0.063258 0.047667
0 0.567648 0.498556 0.055547 0.091250
0 0.778430 0.655236 0.084578 0.071583
0 0.332496 0.536979 0.043039 0.062375
0 0.301055 0.650069 0.051656 0.093056
0 0.424316 0.566549 0.052336 0.080403
0 0.821996 0.559021 0.068773 0.055764
0 0.709703 0.551840 0.060687 0.062014
0 0.651422 0.444938 0.123406 0.080431
