0 0.437059 0.438257 0.032773 0.044458
0 0.368980 0.511924 0.045914 0.046069
0 0.507203 0.445340 0.118766 0.129569
0 0.560852 0.510090 0.048672 0.048569
0 0.289469 0.501903 0.037484 0.041806
0 0.227262 0.470313 0.069102 0.060264
0 0.779273 0.545604 0.044672 0.039958
0 0.745027 0.559569 0.055695 0.054778
0 0.396125 0.691528 0.059344 0.093444
0 0.659371 0.514181 0.059820 0.047861
0 0.240484 0.466326 0.041906 0.049708
0 0.502387 0.554028 0.049195 0.056472
0 0.267316 0.539250 0.040164 0.069194
0 0.620637 0.550562 0.052273 0.055542
0 0.866848 0.720812 0.096039 0.097514
0 0.734727 0.625417 0.068984 0.074722
0 0.170875 0.410507 0.012078 0.019931
0 0.218746 0.401306 0.028461 0.023000
0 0.197180 0.439632 0.021562 0.026069
0 0.221766 0.428139 0.034500 0.024528
0 0.364949 0.423535 0.010352 0.021458
0 0.348992 0.435806 0.033641 0.027611
0 0.452992 0.957569 0.122125 0.079694
0 0.428168 0.503097 0.043992 0.055444
