0 0.722699 0.548438 0.064523 0.070153
0 0.595125 0.528715 0.048922 0.060597
0 0.839027 0.618604 0.091758 0.080875
0 0.499820 0.556868 0.065250 0.073042
0 0.532348 0.674667 0.070008 0.105194
0 0.491508 0.462472 0.038531 0.040222
0 0.626020 0.499549 0.052102 0.053181
0 0.447813 0.457743 0.046500 0.048264
0 0.440617 0.581764 0.052109 0.067083
0 0.353422 0.465382 0.048797 0.066292
0 0.342871 0.543014 0.040086 0.067778
0 0.516898 0.443007 0.046219 0.045069
0 0.431910 0.421139 0.029820 0.027833
0 0.384199 0.428431 0.022367 0.023861
0 0.326063 0.418493 0.028344 0.030486
0 0.284680 0.402590 0.026094 0.025181
0 0.244047 0.432403 0.035781 0.031806
0 0.254855 0.456910 0.032055 0.025208
0 0.199691 0.402590 0.024602 0.030486
0 0.174344 0.391319 0.023109 0.023861
0 0.214230 0.398618 0.014914 0.025181
0 0.835586 0.550361 0.079766 0.060972
0 0.970379 0.712590 0.056883 0.104625
0 0.290766 0.600451 0.076531 0.170347
0 0.246738 0.516729 0.047148 0.068486
